9 0.166 0.582 0.159 0.169
3 0.890 0.565 0.032 0.178
3 0.073 0.569 0.047 0.205
3 0.287 0.523 0.013 0.067
3 0.665 0.551 0.033 0.124
3 0.773 0.532 0.018 0.087
3 0.605 0.536 0.018 0.079
3 0.340 0.534 0.016 0.064
3 0.801 0.531 0.014 0.089
3 0.616 0.523 0.010 0.053
3 0.368 0.518 0.008 0.047
3 0.736 0.524 0.014 0.055
6 0.831 0.571 0.065 0.127
6 0.956 0.575 0.069 0.140
3 0.119 0.529 0.013 0.053
3 0.007 0.534 0.015 0.110
3 0.441 0.525 0.013 0.051
3 0.520 0.518 0.010 0.048
3 0.598 0.525 0.009 0.057
3 0.710 0.528 0.011 0.050
3 0.721 0.526 0.012 0.051
3 0.822 0.522 0.017 0.074
