9 0.165 0.582 0.161 0.169
3 0.319 0.559 0.091 0.323
3 0.638 0.577 0.059 0.244
3 0.531 0.582 0.068 0.280
3 0.896 0.537 0.016 0.096
3 0.406 0.530 0.016 0.064
3 0.880 0.535 0.013 0.089
3 0.490 0.531 0.016 0.065
3 0.110 0.531 0.016 0.057
3 0.781 0.531 0.016 0.086
3 0.454 0.527 0.016 0.055
6 0.830 0.571 0.067 0.127
6 0.955 0.575 0.067 0.141
6 0.671 0.544 0.021 0.055
3 0.483 0.525 0.009 0.055
3 0.496 0.522 0.006 0.051
3 0.508 0.519 0.009 0.046
3 0.710 0.527 0.013 0.049
3 0.721 0.526 0.012 0.052
3 0.735 0.524 0.014 0.054
3 0.803 0.530 0.015 0.087
