11 0.211 0.512 0.052 0.088
3 0.033 0.527 0.012 0.067
4 0.040 0.533 0.011 0.055
3 0.054 0.520 0.008 0.071
3 0.067 0.530 0.018 0.065
3 0.073 0.524 0.011 0.069
3 0.087 0.519 0.010 0.065
3 0.150 0.528 0.020 0.068
3 0.123 0.524 0.011 0.074
3 0.206 0.528 0.010 0.065
3 0.292 0.525 0.015 0.070
3 0.212 0.529 0.021 0.067
9 0.272 0.522 0.034 0.046
11 0.270 0.511 0.034 0.051
11 0.327 0.512 0.035 0.058
11 0.314 0.505 0.029 0.063
8 0.303 0.494 0.046 0.076
9 0.433 0.512 0.039 0.046
3 0.460 0.519 0.022 0.069
11 0.386 0.507 0.038 0.063
3 0.557 0.513 0.024 0.055
3 0.492 0.512 0.014 0.057
3 0.734 0.513 0.014 0.063
3 0.707 0.505 0.018 0.046
3 0.992 0.517 0.011 0.069
3 0.062 0.523 0.010 0.066
3 0.177 0.528 0.016 0.066
