3 0.007 0.526 0.012 0.072
11 0.327 0.512 0.037 0.057
3 0.065 0.522 0.011 0.066
2 0.314 0.504 0.029 0.064
3 0.635 0.507 0.017 0.060
3 0.600 0.512 0.013 0.058
3 0.650 0.508 0.007 0.056
3 0.034 0.525 0.015 0.069
4 0.042 0.533 0.011 0.053
3 0.054 0.523 0.011 0.066
3 0.077 0.518 0.012 0.060
3 0.077 0.524 0.010 0.067
3 0.087 0.518 0.010 0.064
3 0.218 0.527 0.019 0.062
12 0.433 0.512 0.039 0.046
3 0.697 0.512 0.014 0.058
11 0.386 0.508 0.038 0.061
9 0.273 0.522 0.037 0.046
11 0.211 0.512 0.052 0.087
6 0.876 0.507 0.022 0.056
5 0.659 0.523 0.032 0.044
3 0.661 0.510 0.015 0.057
3 0.892 0.509 0.013 0.065
2 0.288 0.490 0.027 0.047
8 0.249 0.490 0.036 0.050
9 0.962 0.541 0.077 0.092
3 0.667 0.512 0.010 0.058
