3 0.975 0.580 0.049 0.231
8 0.420 0.484 0.049 0.051
3 0.086 0.518 0.010 0.066
3 0.120 0.528 0.011 0.061
3 0.073 0.529 0.011 0.059
3 0.054 0.522 0.010 0.065
3 0.064 0.521 0.011 0.067
2 0.313 0.504 0.028 0.064
11 0.383 0.507 0.037 0.059
3 0.754 0.507 0.009 0.056
6 0.879 0.507 0.027 0.056
3 0.034 0.525 0.015 0.069
4 0.042 0.532 0.011 0.055
12 0.496 0.502 0.040 0.048
11 0.327 0.512 0.036 0.057
3 0.077 0.519 0.010 0.063
3 0.725 0.504 0.009 0.056
3 0.733 0.509 0.013 0.056
3 0.718 0.502 0.009 0.059
3 0.761 0.499 0.009 0.047
12 0.432 0.512 0.040 0.046
