11 0.211 0.512 0.052 0.088
3 0.033 0.526 0.011 0.074
4 0.041 0.533 0.010 0.055
3 0.052 0.527 0.014 0.072
3 0.064 0.523 0.011 0.066
3 0.126 0.530 0.017 0.065
3 0.394 0.519 0.016 0.059
3 0.384 0.522 0.011 0.070
9 0.273 0.522 0.036 0.046
11 0.269 0.512 0.031 0.055
11 0.327 0.512 0.035 0.058
2 0.314 0.505 0.029 0.063
8 0.303 0.493 0.046 0.074
9 0.433 0.512 0.037 0.046
11 0.385 0.508 0.037 0.061
3 0.633 0.512 0.026 0.052
3 0.557 0.512 0.015 0.068
3 0.812 0.505 0.016 0.063
3 0.992 0.517 0.011 0.069
6 0.228 0.535 0.046 0.054
3 0.074 0.523 0.010 0.068
3 0.088 0.518 0.010 0.064
3 0.101 0.530 0.017 0.064
3 0.231 0.524 0.017 0.060
3 0.410 0.521 0.018 0.065
3 0.054 0.522 0.008 0.067
