6 0.496 0.581 0.125 0.178
3 0.152 0.531 0.013 0.059
11 0.269 0.512 0.031 0.056
11 0.211 0.512 0.051 0.087
3 0.003 0.526 0.005 0.073
4 0.041 0.533 0.011 0.055
3 0.034 0.520 0.015 0.056
3 0.733 0.516 0.019 0.056
3 0.588 0.515 0.019 0.069
9 0.272 0.522 0.036 0.046
11 0.327 0.512 0.035 0.058
2 0.314 0.505 0.029 0.063
8 0.303 0.494 0.046 0.076
11 0.385 0.508 0.037 0.060
3 0.722 0.501 0.018 0.049
3 0.796 0.504 0.007 0.064
3 0.948 0.518 0.017 0.075
3 0.990 0.517 0.013 0.070
3 0.073 0.524 0.011 0.066
3 0.088 0.520 0.012 0.067
3 0.050 0.530 0.012 0.065
3 0.063 0.522 0.011 0.067
3 0.012 0.526 0.011 0.078
3 0.055 0.523 0.007 0.066
3 0.076 0.519 0.008 0.062
3 0.509 0.551 0.058 0.177
