3 0.864 0.578 0.059 0.234
8 0.488 0.483 0.055 0.061
3 0.005 0.516 0.010 0.054
3 0.087 0.518 0.010 0.066
3 0.121 0.527 0.011 0.062
3 0.073 0.529 0.011 0.059
3 0.054 0.522 0.010 0.065
3 0.064 0.521 0.011 0.067
2 0.308 0.502 0.029 0.058
11 0.382 0.508 0.037 0.058
3 0.755 0.508 0.008 0.056
6 0.885 0.507 0.012 0.056
3 0.034 0.525 0.014 0.069
4 0.041 0.532 0.011 0.055
12 0.609 0.507 0.065 0.067
11 0.325 0.512 0.035 0.056
3 0.078 0.520 0.008 0.062
3 0.725 0.503 0.009 0.055
3 0.739 0.506 0.011 0.054
3 0.718 0.502 0.009 0.059
