3 0.735 0.635 0.098 0.329
3 0.007 0.526 0.014 0.072
3 0.480 0.600 0.094 0.379
3 0.463 0.607 0.105 0.404
3 0.530 0.605 0.059 0.271
3 0.615 0.642 0.101 0.431
3 0.719 0.600 0.072 0.313
9 0.685 0.524 0.062 0.068
3 0.245 0.580 0.049 0.261
3 0.020 0.522 0.011 0.062
4 0.046 0.532 0.009 0.056
3 0.054 0.523 0.011 0.066
3 0.064 0.522 0.012 0.066
3 0.074 0.525 0.012 0.064
8 0.921 0.490 0.156 0.164
11 0.347 0.519 0.118 0.089
3 0.031 0.524 0.013 0.069
3 0.088 0.518 0.012 0.064
3 0.099 0.521 0.012 0.056
3 0.120 0.527 0.011 0.063
3 0.077 0.519 0.008 0.061
