3 0.046 0.571 0.011 0.067
3 0.057 0.570 0.011 0.068
12 0.206 0.559 0.076 0.090
9 0.275 0.555 0.048 0.056
12 0.427 0.544 0.068 0.102
9 0.533 0.546 0.044 0.060
3 0.652 0.529 0.011 0.054
3 0.772 0.537 0.062 0.136
3 0.707 0.537 0.028 0.097
3 0.828 0.525 0.018 0.088
3 0.837 0.525 0.014 0.097
3 0.849 0.500 0.020 0.062
3 0.872 0.508 0.019 0.065
3 0.966 0.520 0.019 0.141
3 0.080 0.570 0.011 0.070
3 0.090 0.571 0.011 0.070
12 0.257 0.558 0.028 0.052
9 0.346 0.556 0.061 0.068
9 0.469 0.539 0.028 0.046
12 0.450 0.535 0.039 0.081
3 0.671 0.533 0.011 0.055
