3 0.684 0.546 0.019 0.107
12 0.503 0.533 0.066 0.075
6 0.832 0.572 0.027 0.120
3 0.952 0.542 0.028 0.106
3 0.247 0.536 0.019 0.088
3 0.698 0.565 0.038 0.150
3 0.535 0.533 0.020 0.087
9 0.717 0.525 0.029 0.050
5 0.106 0.562 0.016 0.074
6 0.235 0.535 0.045 0.055
3 0.138 0.530 0.016 0.086
3 0.503 0.535 0.024 0.084
9 0.191 0.521 0.028 0.047
3 0.385 0.549 0.028 0.097
3 0.191 0.563 0.032 0.121
3 0.392 0.533 0.011 0.070
3 0.086 0.549 0.024 0.134
3 0.174 0.528 0.010 0.070
3 0.717 0.543 0.023 0.104
3 0.902 0.549 0.021 0.095
3 0.923 0.547 0.026 0.097
3 0.814 0.593 0.070 0.237
