3 0.055 0.572 0.036 0.135
12 0.503 0.533 0.066 0.075
6 0.825 0.572 0.041 0.120
3 0.952 0.542 0.028 0.106
3 0.277 0.531 0.014 0.078
3 0.456 0.601 0.106 0.241
3 0.621 0.536 0.024 0.094
9 0.713 0.525 0.037 0.050
6 0.235 0.535 0.045 0.055
3 0.175 0.531 0.010 0.065
9 0.190 0.520 0.030 0.047
3 0.443 0.601 0.068 0.217
3 0.375 0.532 0.014 0.066
3 0.861 0.565 0.028 0.170
3 0.902 0.548 0.021 0.092
3 0.923 0.547 0.026 0.097
3 0.609 0.531 0.013 0.083
3 0.979 0.556 0.029 0.178
3 0.253 0.560 0.024 0.109
5 0.101 0.562 0.024 0.074
5 0.139 0.546 0.021 0.065
3 0.143 0.533 0.024 0.082
