9 0.215 0.569 0.104 0.136
9 0.290 0.558 0.070 0.103
12 0.321 0.544 0.058 0.096
9 0.360 0.542 0.034 0.072
12 0.415 0.541 0.064 0.089
3 0.512 0.525 0.013 0.047
6 0.511 0.539 0.019 0.047
11 0.578 0.514 0.031 0.060
9 0.917 0.594 0.166 0.194
12 0.086 0.570 0.171 0.239
9 0.946 0.667 0.108 0.207
11 0.890 0.538 0.215 0.224
9 0.722 0.555 0.126 0.099
12 0.659 0.531 0.096 0.081
9 0.748 0.561 0.107 0.109
9 0.762 0.572 0.083 0.113
12 0.622 0.523 0.083 0.063
9 0.697 0.541 0.109 0.077
12 0.710 0.530 0.139 0.068
