7 0.536 0.575 0.042 0.107
3 0.534 0.540 0.029 0.094
2 0.282 0.544 0.092 0.152
12 0.752 0.547 0.189 0.139
9 0.936 0.668 0.128 0.232
12 0.081 0.592 0.163 0.259
11 0.673 0.515 0.117 0.097
9 0.205 0.581 0.104 0.144
9 0.365 0.549 0.046 0.072
12 0.391 0.539 0.042 0.068
12 0.406 0.533 0.042 0.069
9 0.905 0.591 0.190 0.196
9 0.342 0.556 0.030 0.082
11 0.441 0.521 0.030 0.063
3 0.464 0.535 0.010 0.050
3 0.437 0.537 0.013 0.049
9 0.859 0.587 0.181 0.166
9 0.809 0.570 0.189 0.140
9 0.759 0.560 0.128 0.111
