3 0.607 0.541 0.037 0.101
12 0.508 0.533 0.058 0.075
6 0.825 0.573 0.041 0.121
3 0.952 0.542 0.028 0.106
3 0.923 0.545 0.026 0.100
3 0.902 0.548 0.021 0.096
3 0.605 0.560 0.021 0.137
3 0.479 0.534 0.012 0.081
3 0.424 0.538 0.006 0.078
3 0.282 0.560 0.031 0.110
9 0.713 0.525 0.037 0.050
5 0.102 0.562 0.024 0.074
6 0.235 0.535 0.045 0.055
3 0.135 0.530 0.015 0.097
3 0.434 0.536 0.020 0.084
9 0.191 0.521 0.028 0.047
3 0.467 0.543 0.024 0.096
3 0.178 0.564 0.023 0.132
3 0.595 0.531 0.013 0.078
3 0.114 0.526 0.015 0.106
3 0.227 0.540 0.017 0.095
