12 0.425 0.546 0.054 0.061
12 0.523 0.540 0.094 0.072
4 0.701 0.668 0.045 0.209
3 0.767 0.611 0.101 0.340
12 0.708 0.514 0.090 0.074
3 0.851 0.541 0.054 0.198
9 0.934 0.490 0.131 0.103
12 0.885 0.490 0.055 0.072
6 0.594 0.536 0.042 0.069
3 0.593 0.521 0.016 0.060
3 0.631 0.530 0.019 0.062
11 0.917 0.447 0.146 0.142
3 0.256 0.557 0.015 0.053
3 0.014 0.575 0.010 0.053
3 0.034 0.578 0.008 0.055
3 0.041 0.577 0.010 0.058
3 0.045 0.575 0.008 0.056
3 0.060 0.571 0.010 0.055
3 0.054 0.571 0.008 0.049
3 0.076 0.571 0.008 0.046
