4 0.581 0.677 0.059 0.224
3 0.673 0.626 0.094 0.380
3 0.766 0.562 0.060 0.210
9 0.417 0.554 0.182 0.112
12 0.472 0.546 0.068 0.075
12 0.895 0.493 0.109 0.081
3 0.932 0.503 0.041 0.202
6 0.594 0.537 0.043 0.071
3 0.596 0.530 0.016 0.076
11 0.916 0.446 0.150 0.141
10 0.816 0.490 0.160 0.105
12 0.626 0.521 0.049 0.066
3 0.525 0.539 0.005 0.053
3 0.015 0.575 0.010 0.055
3 0.060 0.571 0.008 0.055
3 0.042 0.574 0.007 0.057
3 0.040 0.577 0.010 0.057
3 0.033 0.577 0.009 0.046
3 0.256 0.557 0.016 0.049
3 0.054 0.566 0.007 0.046
3 0.049 0.569 0.008 0.046
3 0.076 0.573 0.008 0.046
3 0.509 0.541 0.008 0.047
9 0.893 0.487 0.057 0.069
