12 0.026 0.582 0.049 0.072
12 0.452 0.546 0.073 0.064
12 0.410 0.546 0.031 0.053
11 0.295 0.549 0.026 0.047
4 0.814 0.653 0.054 0.198
3 0.847 0.608 0.090 0.323
3 0.928 0.522 0.056 0.194
12 0.887 0.490 0.065 0.076
12 0.571 0.533 0.109 0.075
6 0.594 0.536 0.042 0.068
3 0.595 0.530 0.016 0.074
3 0.628 0.529 0.022 0.060
11 0.917 0.447 0.147 0.142
3 0.510 0.541 0.008 0.048
3 0.258 0.557 0.014 0.049
3 0.131 0.567 0.021 0.066
3 0.076 0.574 0.008 0.046
3 0.060 0.571 0.008 0.053
3 0.054 0.569 0.006 0.046
3 0.039 0.570 0.007 0.046
3 0.043 0.570 0.005 0.047
3 0.049 0.568 0.005 0.046
