3 0.735 0.571 0.061 0.256
6 0.750 0.634 0.106 0.266
3 0.868 0.527 0.022 0.063
3 0.888 0.528 0.021 0.068
12 0.023 0.582 0.047 0.169
9 0.348 0.567 0.102 0.117
3 0.040 0.556 0.013 0.077
3 0.063 0.564 0.016 0.084
3 0.065 0.554 0.014 0.088
3 0.058 0.546 0.014 0.084
6 0.104 0.554 0.044 0.060
3 0.253 0.532 0.009 0.048
3 0.215 0.535 0.013 0.053
3 0.263 0.530 0.009 0.046
3 0.919 0.541 0.015 0.092
3 0.957 0.533 0.016 0.100
12 0.595 0.534 0.051 0.079
3 0.655 0.533 0.019 0.060
8 0.649 0.507 0.049 0.094
10 0.395 0.520 0.027 0.048
3 0.236 0.531 0.009 0.056
