9 0.522 0.530 0.035 0.047
9 0.319 0.550 0.119 0.075
12 0.394 0.529 0.037 0.059
3 0.236 0.598 0.058 0.255
3 0.448 0.561 0.047 0.173
3 0.493 0.576 0.070 0.199
3 0.820 0.581 0.060 0.297
3 0.134 0.579 0.039 0.213
3 0.914 0.571 0.037 0.229
3 0.958 0.520 0.020 0.083
3 0.080 0.590 0.052 0.214
3 0.648 0.553 0.049 0.153
3 0.775 0.557 0.042 0.138
3 0.344 0.607 0.078 0.240
3 0.161 0.574 0.044 0.166
3 0.735 0.572 0.036 0.169
3 0.027 0.559 0.014 0.070
3 0.048 0.559 0.015 0.073
3 0.011 0.558 0.010 0.071
7 0.330 0.645 0.149 0.247
3 0.807 0.570 0.034 0.181
3 0.899 0.548 0.024 0.168
3 0.100 0.579 0.029 0.144
9 0.383 0.537 0.029 0.053
