9 0.493 0.536 0.064 0.059
9 0.298 0.547 0.055 0.067
9 0.380 0.538 0.033 0.059
9 0.115 0.568 0.144 0.081
12 0.395 0.528 0.037 0.056
3 0.346 0.591 0.049 0.251
3 0.970 0.579 0.059 0.281
3 0.730 0.551 0.039 0.156
3 0.643 0.571 0.041 0.198
3 0.024 0.589 0.048 0.212
3 0.080 0.580 0.023 0.172
3 0.550 0.585 0.057 0.181
3 0.172 0.578 0.030 0.152
3 0.810 0.568 0.044 0.163
3 0.851 0.554 0.024 0.136
3 0.893 0.566 0.043 0.179
3 0.949 0.545 0.022 0.153
3 0.989 0.562 0.022 0.212
3 0.902 0.555 0.033 0.151
3 0.362 0.562 0.027 0.178
3 0.007 0.591 0.014 0.138
7 0.538 0.610 0.108 0.190
5 0.778 0.526 0.014 0.047
