3 0.026 0.577 0.029 0.114
3 0.053 0.574 0.022 0.103
3 0.100 0.573 0.015 0.099
3 0.087 0.564 0.016 0.085
3 0.106 0.554 0.013 0.081
3 0.133 0.575 0.015 0.088
3 0.126 0.553 0.013 0.086
3 0.150 0.568 0.022 0.092
6 0.168 0.562 0.023 0.064
3 0.291 0.540 0.011 0.056
3 0.304 0.539 0.011 0.056
3 0.311 0.536 0.008 0.055
3 0.327 0.537 0.008 0.049
3 0.320 0.537 0.010 0.047
9 0.354 0.553 0.057 0.074
9 0.428 0.545 0.042 0.053
12 0.523 0.537 0.039 0.056
11 0.867 0.549 0.244 0.346
9 0.981 0.587 0.039 0.188
8 0.683 0.508 0.028 0.054
6 0.190 0.582 0.022 0.051
