9 0.288 0.547 0.032 0.067
9 0.419 0.544 0.126 0.076
9 0.366 0.539 0.035 0.065
12 0.110 0.562 0.130 0.094
8 0.624 0.503 0.077 0.110
3 0.323 0.564 0.044 0.218
3 0.079 0.599 0.054 0.273
3 0.671 0.551 0.023 0.161
3 0.264 0.569 0.044 0.156
3 0.962 0.540 0.018 0.121
3 0.740 0.554 0.035 0.141
3 0.142 0.579 0.031 0.144
3 0.944 0.546 0.028 0.145
3 0.768 0.554 0.045 0.147
3 0.835 0.556 0.042 0.163
3 0.685 0.551 0.018 0.155
12 0.347 0.534 0.026 0.046
3 0.830 0.550 0.048 0.164
3 0.773 0.552 0.030 0.117
2 0.013 0.566 0.026 0.155
