3 0.091 0.561 0.015 0.074
3 0.097 0.554 0.019 0.082
3 0.196 0.543 0.010 0.051
3 0.214 0.543 0.009 0.046
9 0.281 0.550 0.046 0.048
9 0.343 0.558 0.067 0.086
6 0.393 0.541 0.018 0.047
8 0.413 0.521 0.027 0.046
12 0.471 0.557 0.097 0.155
8 0.553 0.510 0.029 0.071
8 0.579 0.510 0.045 0.082
12 0.602 0.533 0.048 0.068
6 0.610 0.543 0.022 0.064
3 0.605 0.533 0.012 0.059
10 0.518 0.526 0.028 0.063
8 0.713 0.495 0.180 0.240
5 0.868 0.561 0.053 0.075
5 0.893 0.557 0.070 0.091
5 0.947 0.566 0.067 0.099
5 0.810 0.524 0.014 0.051
