3 0.381 0.523 0.019 0.090
3 0.412 0.527 0.018 0.093
3 0.425 0.525 0.014 0.105
12 0.024 0.542 0.030 0.075
11 0.044 0.514 0.043 0.067
9 0.126 0.525 0.061 0.057
3 0.471 0.523 0.018 0.087
4 0.480 0.535 0.018 0.072
3 0.482 0.531 0.013 0.092
3 0.510 0.520 0.013 0.087
3 0.520 0.521 0.018 0.082
3 0.536 0.523 0.016 0.087
3 0.555 0.517 0.016 0.074
3 0.570 0.515 0.014 0.077
12 0.790 0.508 0.028 0.050
9 0.801 0.524 0.040 0.057
11 0.847 0.511 0.039 0.062
2 0.828 0.500 0.027 0.067
11 0.902 0.507 0.043 0.067
12 0.942 0.513 0.039 0.051
8 0.813 0.483 0.036 0.049
