9 0.165 0.581 0.162 0.170
3 0.750 0.531 0.015 0.092
3 0.040 0.562 0.039 0.164
3 0.690 0.536 0.015 0.090
3 0.912 0.544 0.020 0.119
3 0.880 0.538 0.027 0.107
3 0.463 0.554 0.024 0.126
3 0.482 0.556 0.055 0.121
3 0.564 0.519 0.010 0.048
3 0.800 0.531 0.012 0.089
3 0.721 0.527 0.012 0.052
3 0.736 0.524 0.014 0.056
3 0.271 0.538 0.019 0.069
3 0.711 0.526 0.011 0.052
3 0.374 0.531 0.010 0.056
6 0.831 0.572 0.067 0.127
6 0.956 0.576 0.070 0.142
3 0.122 0.526 0.011 0.048
6 0.672 0.544 0.021 0.053
3 0.822 0.523 0.017 0.077
