12 0.513 0.532 0.042 0.065
9 0.434 0.545 0.053 0.066
9 0.370 0.549 0.058 0.068
6 0.216 0.622 0.111 0.153
3 0.018 0.588 0.016 0.065
3 0.217 0.590 0.067 0.215
3 0.694 0.509 0.014 0.047
5 0.023 0.608 0.034 0.052
6 0.260 0.564 0.024 0.076
9 0.163 0.579 0.047 0.070
3 0.264 0.562 0.014 0.071
12 0.288 0.557 0.040 0.054
3 0.578 0.524 0.010 0.049
12 0.591 0.520 0.075 0.054
3 0.657 0.518 0.011 0.047
3 0.679 0.517 0.010 0.052
3 0.761 0.513 0.013 0.065
3 0.781 0.513 0.011 0.060
10 0.863 0.506 0.041 0.050
6 0.579 0.529 0.034 0.039
