9 0.165 0.581 0.160 0.170
3 0.895 0.556 0.022 0.148
3 0.043 0.567 0.044 0.191
3 0.767 0.532 0.018 0.088
3 0.630 0.536 0.018 0.082
3 0.595 0.553 0.040 0.129
3 0.535 0.519 0.010 0.047
3 0.319 0.534 0.018 0.068
3 0.415 0.527 0.011 0.054
6 0.830 0.571 0.070 0.128
6 0.957 0.575 0.068 0.142
6 0.671 0.544 0.020 0.054
3 0.121 0.527 0.013 0.051
3 0.610 0.555 0.028 0.120
3 0.618 0.525 0.012 0.057
3 0.711 0.527 0.009 0.049
3 0.722 0.527 0.011 0.050
3 0.735 0.524 0.015 0.053
3 0.805 0.529 0.014 0.085
3 0.822 0.523 0.015 0.078
3 0.880 0.547 0.011 0.106
