9 0.164 0.581 0.161 0.169
3 0.898 0.550 0.021 0.135
3 0.036 0.560 0.040 0.166
3 0.759 0.533 0.016 0.089
3 0.655 0.537 0.020 0.086
3 0.297 0.535 0.018 0.069
3 0.533 0.555 0.032 0.129
3 0.393 0.530 0.014 0.057
3 0.721 0.526 0.013 0.049
3 0.921 0.541 0.021 0.106
3 0.804 0.531 0.016 0.089
3 0.736 0.524 0.014 0.055
6 0.830 0.577 0.070 0.116
6 0.956 0.577 0.070 0.143
6 0.672 0.544 0.020 0.053
3 0.122 0.527 0.014 0.046
3 0.239 0.519 0.013 0.055
3 0.549 0.555 0.033 0.119
3 0.550 0.519 0.009 0.048
3 0.710 0.527 0.011 0.050
3 0.820 0.526 0.017 0.081
