9 0.884 0.523 0.051 0.065
9 0.766 0.521 0.030 0.049
9 0.709 0.528 0.039 0.052
3 0.634 0.534 0.011 0.060
3 0.570 0.537 0.013 0.066
3 0.486 0.545 0.012 0.078
3 0.475 0.541 0.012 0.077
3 0.467 0.543 0.013 0.067
3 0.441 0.542 0.010 0.064
3 0.432 0.549 0.010 0.074
3 0.420 0.550 0.015 0.067
3 0.403 0.553 0.013 0.073
3 0.395 0.542 0.010 0.065
3 0.386 0.551 0.013 0.072
3 0.370 0.554 0.010 0.065
3 0.363 0.550 0.010 0.061
9 0.201 0.552 0.057 0.060
12 0.119 0.550 0.056 0.081
12 0.062 0.555 0.047 0.090
9 0.986 0.540 0.029 0.091
2 0.853 0.503 0.027 0.058
