11 0.211 0.512 0.052 0.088
3 0.036 0.529 0.017 0.067
4 0.040 0.533 0.011 0.055
3 0.054 0.520 0.008 0.071
3 0.073 0.523 0.011 0.068
3 0.086 0.519 0.008 0.065
3 0.150 0.530 0.017 0.063
3 0.115 0.528 0.018 0.068
3 0.324 0.524 0.017 0.070
3 0.280 0.526 0.021 0.067
9 0.272 0.522 0.035 0.046
11 0.269 0.512 0.031 0.055
11 0.327 0.512 0.035 0.058
11 0.314 0.505 0.029 0.063
2 0.303 0.494 0.046 0.076
9 0.433 0.512 0.039 0.046
3 0.460 0.513 0.013 0.059
11 0.386 0.507 0.038 0.063
3 0.580 0.514 0.019 0.053
3 0.492 0.517 0.020 0.069
3 0.764 0.509 0.013 0.061
3 0.724 0.498 0.012 0.050
3 0.992 0.517 0.011 0.069
3 0.062 0.523 0.011 0.066
3 0.179 0.528 0.016 0.064
3 0.092 0.524 0.010 0.074
