3 0.087 0.519 0.010 0.065
3 0.007 0.526 0.012 0.072
11 0.327 0.512 0.037 0.057
3 0.065 0.522 0.012 0.067
2 0.314 0.504 0.029 0.064
3 0.607 0.511 0.015 0.056
3 0.569 0.511 0.014 0.059
3 0.610 0.507 0.014 0.059
3 0.034 0.526 0.016 0.069
4 0.042 0.533 0.011 0.053
3 0.055 0.523 0.010 0.066
3 0.077 0.518 0.012 0.060
3 0.077 0.524 0.010 0.067
3 0.248 0.526 0.021 0.063
12 0.433 0.512 0.039 0.046
3 0.673 0.512 0.013 0.060
11 0.386 0.508 0.038 0.061
9 0.273 0.523 0.037 0.047
11 0.211 0.513 0.053 0.087
6 0.879 0.507 0.024 0.056
5 0.605 0.523 0.036 0.044
3 0.628 0.512 0.017 0.057
2 0.300 0.491 0.028 0.051
8 0.262 0.490 0.038 0.053
9 0.827 0.545 0.131 0.101
3 0.645 0.512 0.011 0.059
3 0.624 0.509 0.010 0.059
3 0.098 0.523 0.015 0.054
