9 0.069 0.662 0.136 0.408
11 0.212 0.511 0.052 0.086
8 0.301 0.489 0.041 0.068
9 0.273 0.522 0.037 0.046
3 0.450 0.517 0.013 0.055
3 0.311 0.527 0.019 0.061
3 0.992 0.516 0.012 0.071
3 0.328 0.525 0.014 0.066
2 0.314 0.503 0.029 0.062
11 0.327 0.512 0.035 0.057
6 0.878 0.508 0.027 0.056
3 0.508 0.509 0.020 0.056
5 0.509 0.525 0.033 0.040
3 0.622 0.512 0.020 0.064
3 0.607 0.510 0.016 0.053
11 0.385 0.508 0.038 0.061
3 0.298 0.525 0.015 0.064
3 0.285 0.524 0.011 0.062
3 0.259 0.521 0.010 0.070
3 0.219 0.527 0.013 0.063
3 0.197 0.528 0.018 0.064
3 0.168 0.529 0.016 0.070
12 0.431 0.512 0.035 0.046
