11 0.214 0.511 0.046 0.086
12 0.551 0.553 0.190 0.187
9 0.908 0.545 0.119 0.102
3 0.418 0.521 0.016 0.063
8 0.300 0.485 0.040 0.058
9 0.273 0.522 0.037 0.046
3 0.445 0.519 0.015 0.068
3 0.290 0.520 0.019 0.064
5 0.289 0.536 0.039 0.045
3 0.992 0.516 0.012 0.071
3 0.407 0.518 0.014 0.063
3 0.387 0.517 0.014 0.067
3 0.354 0.521 0.011 0.062
3 0.329 0.524 0.022 0.056
3 0.321 0.524 0.019 0.062
2 0.314 0.503 0.029 0.062
11 0.327 0.512 0.035 0.057
9 0.121 0.647 0.242 0.379
12 0.436 0.512 0.032 0.046
11 0.385 0.509 0.036 0.062
