11 0.210 0.512 0.050 0.087
3 0.033 0.526 0.012 0.068
4 0.040 0.533 0.011 0.055
3 0.054 0.520 0.008 0.071
3 0.072 0.528 0.013 0.057
3 0.076 0.521 0.011 0.067
3 0.087 0.519 0.010 0.065
3 0.096 0.530 0.021 0.063
3 0.140 0.530 0.023 0.069
3 0.158 0.524 0.009 0.074
3 0.205 0.529 0.012 0.063
3 0.235 0.525 0.014 0.065
3 0.260 0.526 0.016 0.070
9 0.273 0.522 0.035 0.046
12 0.267 0.511 0.030 0.051
11 0.327 0.512 0.035 0.058
2 0.314 0.505 0.028 0.063
8 0.301 0.492 0.041 0.073
9 0.433 0.512 0.039 0.046
3 0.426 0.519 0.019 0.068
11 0.386 0.507 0.038 0.063
3 0.529 0.516 0.031 0.056
3 0.519 0.511 0.012 0.057
5 0.664 0.519 0.031 0.038
3 0.665 0.506 0.017 0.052
3 0.705 0.512 0.015 0.061
3 0.992 0.517 0.011 0.069
3 0.062 0.523 0.011 0.066
3 0.112 0.529 0.016 0.063
3 0.182 0.528 0.020 0.065
