11 0.211 0.512 0.052 0.088
3 0.004 0.527 0.008 0.072
4 0.041 0.533 0.010 0.055
3 0.036 0.526 0.013 0.068
3 0.584 0.513 0.023 0.064
3 0.475 0.519 0.011 0.070
9 0.273 0.522 0.036 0.046
11 0.269 0.512 0.031 0.056
11 0.327 0.512 0.035 0.058
2 0.314 0.505 0.029 0.063
8 0.303 0.494 0.046 0.076
9 0.433 0.512 0.039 0.046
11 0.385 0.508 0.037 0.060
3 0.703 0.512 0.022 0.051
3 0.660 0.511 0.013 0.064
3 0.874 0.509 0.016 0.057
3 0.990 0.517 0.013 0.069
3 0.074 0.523 0.010 0.068
3 0.087 0.519 0.010 0.066
3 0.289 0.523 0.011 0.062
3 0.056 0.529 0.011 0.064
3 0.066 0.527 0.014 0.065
3 0.011 0.525 0.015 0.078
3 0.055 0.524 0.009 0.068
