3 0.007 0.526 0.012 0.072
11 0.327 0.512 0.037 0.057
3 0.065 0.522 0.010 0.066
2 0.314 0.504 0.029 0.064
3 0.661 0.508 0.015 0.060
3 0.629 0.512 0.017 0.056
3 0.679 0.508 0.010 0.056
3 0.034 0.525 0.015 0.069
4 0.041 0.532 0.011 0.054
3 0.055 0.523 0.010 0.066
3 0.076 0.518 0.012 0.060
3 0.074 0.524 0.013 0.067
3 0.089 0.519 0.012 0.064
3 0.189 0.529 0.018 0.063
12 0.433 0.512 0.039 0.046
3 0.695 0.513 0.014 0.059
11 0.385 0.508 0.039 0.060
9 0.272 0.522 0.037 0.047
11 0.215 0.511 0.050 0.084
6 0.882 0.507 0.022 0.056
5 0.695 0.522 0.032 0.043
3 0.690 0.513 0.010 0.058
3 0.867 0.508 0.009 0.061
2 0.274 0.490 0.031 0.046
8 0.236 0.490 0.033 0.049
3 0.723 0.513 0.013 0.059
