3 0.007 0.526 0.013 0.074
11 0.327 0.512 0.034 0.057
2 0.314 0.504 0.029 0.064
3 0.545 0.511 0.010 0.059
3 0.477 0.516 0.013 0.061
3 0.034 0.519 0.016 0.056
11 0.386 0.508 0.038 0.061
9 0.273 0.522 0.037 0.046
11 0.212 0.506 0.049 0.078
8 0.286 0.491 0.038 0.064
9 0.123 0.601 0.245 0.258
12 0.631 0.541 0.179 0.144
3 0.979 0.516 0.015 0.070
3 0.530 0.510 0.015 0.063
3 0.528 0.513 0.017 0.058
3 0.345 0.521 0.009 0.064
12 0.433 0.512 0.039 0.046
6 0.878 0.507 0.027 0.056
3 0.334 0.523 0.021 0.060
5 0.335 0.538 0.039 0.043
