11 0.211 0.512 0.052 0.088
3 0.035 0.526 0.011 0.069
4 0.041 0.533 0.010 0.055
3 0.078 0.527 0.019 0.066
3 0.152 0.529 0.017 0.063
3 0.124 0.530 0.016 0.064
3 0.426 0.517 0.016 0.059
3 0.355 0.523 0.018 0.070
9 0.272 0.522 0.036 0.046
11 0.269 0.512 0.031 0.055
11 0.327 0.512 0.035 0.058
2 0.314 0.505 0.029 0.063
8 0.303 0.497 0.046 0.082
9 0.433 0.512 0.039 0.046
11 0.385 0.508 0.037 0.061
3 0.605 0.512 0.022 0.054
3 0.526 0.515 0.017 0.068
3 0.791 0.505 0.011 0.062
3 0.992 0.517 0.011 0.069
3 0.004 0.526 0.007 0.069
3 0.009 0.523 0.016 0.066
6 0.075 0.542 0.052 0.057
3 0.055 0.522 0.008 0.067
