3 0.064 0.552 0.027 0.133
3 0.131 0.554 0.020 0.151
3 0.114 0.558 0.030 0.138
3 0.196 0.553 0.024 0.129
4 0.208 0.569 0.020 0.106
3 0.219 0.562 0.019 0.131
3 0.254 0.549 0.024 0.127
3 0.272 0.548 0.023 0.125
3 0.292 0.552 0.022 0.127
3 0.319 0.541 0.022 0.113
3 0.342 0.541 0.020 0.119
9 0.716 0.550 0.067 0.088
12 0.724 0.528 0.048 0.084
8 0.777 0.500 0.056 0.114
2 0.794 0.517 0.044 0.098
11 0.813 0.529 0.058 0.099
11 0.911 0.522 0.065 0.107
9 0.978 0.529 0.043 0.081
9 0.953 0.524 0.026 0.069
9 0.870 0.530 0.032 0.062
