11 0.327 0.512 0.037 0.057
3 0.063 0.522 0.012 0.068
2 0.314 0.504 0.029 0.064
3 0.723 0.505 0.011 0.056
3 0.688 0.512 0.017 0.056
3 0.707 0.507 0.010 0.059
3 0.034 0.525 0.015 0.069
4 0.041 0.532 0.011 0.055
3 0.055 0.523 0.010 0.066
3 0.076 0.518 0.012 0.060
3 0.074 0.524 0.012 0.067
3 0.088 0.519 0.011 0.065
3 0.007 0.526 0.012 0.072
3 0.134 0.528 0.012 0.064
12 0.433 0.512 0.039 0.046
3 0.738 0.514 0.014 0.055
11 0.385 0.508 0.039 0.060
9 0.273 0.522 0.036 0.047
11 0.236 0.507 0.045 0.068
6 0.881 0.507 0.024 0.056
