3 0.650 0.510 0.017 0.065
3 0.577 0.512 0.014 0.060
5 0.563 0.519 0.033 0.043
3 0.564 0.508 0.014 0.054
3 0.481 0.518 0.017 0.056
9 0.433 0.512 0.039 0.046
11 0.385 0.508 0.037 0.062
3 0.992 0.518 0.013 0.070
6 0.881 0.503 0.030 0.064
3 0.352 0.522 0.011 0.071
11 0.328 0.512 0.037 0.058
2 0.314 0.505 0.028 0.063
8 0.303 0.481 0.046 0.052
3 0.293 0.524 0.010 0.064
3 0.267 0.526 0.013 0.064
3 0.252 0.523 0.009 0.065
3 0.222 0.523 0.009 0.071
3 0.201 0.529 0.018 0.070
11 0.211 0.512 0.052 0.088
3 0.181 0.528 0.012 0.065
3 0.161 0.528 0.009 0.067
3 0.087 0.519 0.010 0.067
4 0.041 0.532 0.011 0.056
3 0.054 0.522 0.010 0.067
4 0.076 0.529 0.009 0.057
3 0.076 0.516 0.011 0.058
3 0.064 0.522 0.010 0.066
3 0.034 0.525 0.010 0.069
9 0.273 0.522 0.035 0.046
