3 0.184 0.528 0.013 0.063
11 0.269 0.512 0.031 0.056
11 0.211 0.512 0.051 0.087
3 0.004 0.515 0.007 0.048
4 0.041 0.533 0.011 0.055
3 0.035 0.519 0.011 0.052
3 0.701 0.513 0.015 0.060
3 0.558 0.517 0.020 0.070
9 0.272 0.522 0.036 0.046
11 0.327 0.512 0.035 0.058
2 0.314 0.505 0.029 0.063
8 0.303 0.494 0.046 0.076
9 0.433 0.512 0.039 0.046
11 0.385 0.508 0.037 0.060
3 0.722 0.501 0.018 0.049
3 0.765 0.508 0.013 0.061
3 0.932 0.512 0.015 0.072
3 0.990 0.517 0.013 0.070
3 0.073 0.524 0.011 0.066
3 0.088 0.520 0.011 0.067
3 0.051 0.530 0.011 0.065
3 0.063 0.522 0.011 0.067
3 0.012 0.516 0.011 0.057
3 0.056 0.523 0.006 0.066
3 0.076 0.519 0.008 0.061
6 0.038 0.597 0.076 0.212
