11 0.327 0.512 0.037 0.057
3 0.063 0.522 0.012 0.066
2 0.314 0.504 0.029 0.064
3 0.686 0.508 0.013 0.060
3 0.661 0.511 0.011 0.057
3 0.707 0.508 0.012 0.056
3 0.034 0.525 0.015 0.069
4 0.041 0.532 0.011 0.054
3 0.056 0.523 0.010 0.066
3 0.076 0.518 0.012 0.060
3 0.074 0.524 0.012 0.067
3 0.089 0.520 0.012 0.061
3 0.007 0.526 0.012 0.072
3 0.158 0.529 0.010 0.063
12 0.433 0.512 0.039 0.046
3 0.717 0.513 0.009 0.057
11 0.385 0.508 0.039 0.060
9 0.273 0.522 0.037 0.047
11 0.223 0.510 0.047 0.075
6 0.881 0.507 0.024 0.056
5 0.741 0.524 0.032 0.042
3 0.737 0.516 0.015 0.057
3 0.751 0.509 0.011 0.057
2 0.256 0.490 0.029 0.046
