8 0.957 0.501 0.085 0.489
9 0.538 0.592 0.133 0.217
8 0.556 0.495 0.167 0.236
9 0.020 0.576 0.041 0.109
9 0.074 0.567 0.084 0.095
10 0.227 0.547 0.141 0.173
9 0.333 0.552 0.070 0.077
8 0.327 0.519 0.060 0.090
8 0.411 0.516 0.034 0.057
3 0.660 0.531 0.010 0.048
3 0.840 0.536 0.009 0.092
3 0.653 0.529 0.009 0.047
5 0.838 0.550 0.050 0.066
3 0.875 0.535 0.005 0.081
3 0.852 0.534 0.011 0.076
3 0.667 0.529 0.005 0.051
3 0.693 0.531 0.009 0.049
3 0.674 0.532 0.012 0.050
3 0.690 0.533 0.009 0.048
3 0.683 0.530 0.011 0.046
