8 0.959 0.488 0.081 0.402
9 0.491 0.566 0.102 0.159
9 0.697 0.533 0.046 0.059
9 0.100 0.623 0.199 0.262
8 0.238 0.506 0.098 0.144
9 0.410 0.534 0.056 0.078
9 0.340 0.553 0.088 0.097
8 0.337 0.504 0.111 0.145
8 0.485 0.495 0.081 0.149
3 0.889 0.537 0.016 0.081
3 0.913 0.522 0.015 0.084
3 0.834 0.529 0.020 0.084
3 0.765 0.526 0.015 0.062
3 0.737 0.529 0.016 0.059
2 0.641 0.519 0.034 0.050
8 0.429 0.507 0.032 0.078
8 0.525 0.508 0.034 0.059
3 0.882 0.531 0.015 0.085
3 0.870 0.541 0.015 0.058
3 0.853 0.533 0.018 0.087
3 0.824 0.535 0.016 0.071
3 0.806 0.532 0.018 0.085
3 0.796 0.530 0.014 0.071
3 0.792 0.521 0.010 0.066
6 0.754 0.541 0.020 0.055
3 0.757 0.524 0.015 0.049
