3 0.305 0.573 0.029 0.167
12 0.254 0.551 0.081 0.112
11 0.305 0.523 0.074 0.125
11 0.588 0.521 0.067 0.051
9 0.605 0.540 0.052 0.059
6 0.473 0.552 0.025 0.063
3 0.473 0.534 0.018 0.062
9 0.403 0.534 0.028 0.050
12 0.667 0.532 0.138 0.112
11 0.361 0.534 0.048 0.073
3 0.421 0.530 0.016 0.055
9 0.758 0.557 0.155 0.159
10 0.824 0.552 0.148 0.230
11 0.923 0.528 0.154 0.413
3 0.166 0.591 0.047 0.178
12 0.085 0.575 0.170 0.242
12 0.706 0.544 0.140 0.109
9 0.589 0.534 0.049 0.048
9 0.704 0.554 0.111 0.101
9 0.712 0.562 0.089 0.110
2 0.565 0.517 0.059 0.048
9 0.739 0.600 0.055 0.101
