3 0.642 0.545 0.010 0.106
12 0.508 0.533 0.058 0.075
6 0.825 0.573 0.041 0.121
3 0.952 0.542 0.028 0.106
3 0.913 0.596 0.043 0.219
3 0.898 0.557 0.014 0.078
3 0.652 0.562 0.035 0.144
3 0.507 0.535 0.017 0.082
9 0.713 0.525 0.037 0.050
5 0.102 0.562 0.024 0.074
6 0.235 0.535 0.045 0.055
3 0.135 0.529 0.015 0.088
3 0.469 0.535 0.021 0.083
9 0.191 0.521 0.028 0.047
3 0.427 0.546 0.030 0.096
3 0.236 0.562 0.033 0.114
3 0.402 0.536 0.013 0.079
3 0.126 0.564 0.043 0.131
3 0.176 0.530 0.013 0.067
3 0.673 0.542 0.026 0.102
