9 0.568 0.531 0.040 0.052
9 0.373 0.539 0.048 0.063
9 0.298 0.548 0.056 0.066
9 0.148 0.566 0.143 0.082
9 0.330 0.544 0.029 0.050
12 0.460 0.535 0.092 0.077
12 0.395 0.529 0.037 0.059
8 0.638 0.503 0.037 0.081
3 0.789 0.549 0.030 0.161
3 0.022 0.610 0.044 0.234
3 0.148 0.577 0.052 0.232
3 0.885 0.547 0.028 0.141
3 0.949 0.550 0.032 0.155
3 0.048 0.557 0.014 0.075
3 0.660 0.559 0.036 0.126
3 0.820 0.554 0.039 0.157
3 0.860 0.548 0.028 0.134
3 0.942 0.549 0.040 0.153
3 0.841 0.542 0.017 0.123
3 0.927 0.552 0.030 0.131
3 0.129 0.576 0.038 0.160
