9 0.373 0.539 0.048 0.064
9 0.183 0.565 0.142 0.081
9 0.298 0.545 0.056 0.070
9 0.330 0.544 0.029 0.050
12 0.506 0.531 0.072 0.072
12 0.395 0.530 0.037 0.062
3 0.558 0.587 0.066 0.227
3 0.160 0.577 0.054 0.188
3 0.959 0.569 0.033 0.156
3 0.888 0.566 0.033 0.194
3 0.035 0.590 0.030 0.149
3 0.980 0.556 0.022 0.135
3 0.010 0.558 0.014 0.076
3 0.804 0.562 0.040 0.126
3 0.995 0.545 0.009 0.107
3 0.053 0.558 0.012 0.075
7 0.794 0.582 0.078 0.132
3 0.907 0.551 0.027 0.144
3 0.024 0.550 0.009 0.048
12 0.348 0.534 0.026 0.046
