3 0.792 0.608 0.052 0.306
3 0.728 0.572 0.032 0.230
3 0.983 0.562 0.033 0.181
3 0.942 0.562 0.033 0.198
3 0.917 0.574 0.032 0.198
3 0.890 0.514 0.027 0.131
3 0.873 0.577 0.041 0.219
3 0.817 0.568 0.033 0.206
6 0.809 0.615 0.120 0.106
3 0.697 0.555 0.044 0.145
3 0.686 0.531 0.016 0.109
3 0.658 0.539 0.025 0.117
3 0.610 0.551 0.050 0.127
12 0.147 0.541 0.038 0.056
9 0.464 0.578 0.115 0.158
12 0.567 0.540 0.073 0.121
11 0.536 0.524 0.030 0.082
9 0.396 0.524 0.033 0.048
3 0.765 0.585 0.026 0.219
3 0.677 0.516 0.009 0.079
8 0.495 0.503 0.030 0.056
