9 0.377 0.539 0.039 0.061
9 0.457 0.539 0.096 0.067
9 0.298 0.547 0.055 0.067
12 0.394 0.530 0.036 0.060
3 0.667 0.587 0.096 0.308
3 0.537 0.558 0.024 0.171
3 0.228 0.572 0.034 0.205
3 0.771 0.558 0.027 0.159
3 0.134 0.605 0.073 0.255
3 0.645 0.573 0.021 0.176
3 0.566 0.551 0.034 0.155
3 0.731 0.572 0.039 0.192
3 0.354 0.577 0.037 0.213
3 0.318 0.567 0.045 0.152
3 0.846 0.576 0.039 0.239
3 0.705 0.558 0.024 0.139
3 0.179 0.580 0.042 0.212
3 0.032 0.619 0.065 0.244
3 0.156 0.572 0.023 0.139
7 0.047 0.680 0.095 0.296
3 0.865 0.544 0.021 0.160
3 0.965 0.527 0.021 0.069
