9 0.653 0.521 0.057 0.074
9 0.951 0.525 0.098 0.129
3 0.399 0.529 0.015 0.054
3 0.409 0.541 0.021 0.097
3 0.508 0.535 0.016 0.090
7 0.411 0.551 0.039 0.056
9 0.735 0.514 0.051 0.073
3 0.287 0.552 0.019 0.114
3 0.269 0.547 0.019 0.113
3 0.257 0.549 0.018 0.106
3 0.098 0.564 0.018 0.097
3 0.111 0.570 0.015 0.102
3 0.135 0.565 0.021 0.111
3 0.164 0.567 0.018 0.107
3 0.146 0.552 0.015 0.100
3 0.189 0.563 0.022 0.102
3 0.204 0.560 0.017 0.111
3 0.218 0.550 0.015 0.097
3 0.179 0.551 0.012 0.099
9 0.859 0.504 0.040 0.056
9 0.016 0.584 0.033 0.108
2 0.923 0.480 0.046 0.104
