12 0.509 0.532 0.045 0.069
9 0.434 0.543 0.052 0.064
9 0.324 0.548 0.054 0.056
6 0.202 0.618 0.103 0.165
3 0.210 0.575 0.066 0.209
3 0.729 0.526 0.013 0.067
6 0.129 0.578 0.053 0.123
2 0.300 0.538 0.052 0.066
3 0.604 0.529 0.011 0.068
12 0.617 0.525 0.101 0.067
3 0.895 0.525 0.015 0.101
3 0.696 0.525 0.014 0.061
3 0.917 0.529 0.020 0.083
3 0.797 0.513 0.020 0.071
12 0.827 0.525 0.054 0.052
12 0.051 0.578 0.101 0.096
3 0.133 0.577 0.021 0.113
9 0.374 0.541 0.054 0.062
6 0.604 0.539 0.046 0.050
5 0.798 0.537 0.021 0.057
9 0.864 0.527 0.051 0.049
10 0.925 0.517 0.040 0.056
