9 0.165 0.580 0.161 0.163
3 0.195 0.576 0.062 0.242
3 0.828 0.579 0.046 0.233
3 0.773 0.552 0.035 0.151
3 0.334 0.534 0.012 0.070
3 0.110 0.535 0.009 0.053
3 0.556 0.533 0.011 0.073
3 0.070 0.544 0.019 0.102
3 0.486 0.523 0.011 0.050
3 0.802 0.527 0.013 0.082
3 0.564 0.522 0.008 0.054
3 0.721 0.526 0.013 0.050
3 0.736 0.524 0.014 0.054
6 0.955 0.575 0.071 0.143
6 0.671 0.545 0.021 0.053
3 0.358 0.521 0.009 0.053
3 0.388 0.531 0.017 0.057
3 0.552 0.525 0.006 0.058
3 0.711 0.528 0.010 0.050
6 0.832 0.578 0.065 0.113
