9 0.396 0.542 0.073 0.129
9 0.243 0.528 0.044 0.070
9 0.179 0.546 0.096 0.118
12 0.307 0.518 0.052 0.073
8 0.384 0.486 0.056 0.109
3 0.565 0.518 0.032 0.119
3 0.723 0.533 0.024 0.135
3 0.696 0.559 0.030 0.189
3 0.616 0.553 0.037 0.151
3 0.640 0.546 0.021 0.131
3 0.671 0.557 0.022 0.153
3 0.757 0.537 0.052 0.170
3 0.659 0.518 0.018 0.110
3 0.827 0.533 0.030 0.156
3 0.521 0.513 0.011 0.081
5 0.762 0.586 0.081 0.138
6 0.431 0.528 0.022 0.061
3 0.739 0.486 0.022 0.062
3 0.651 0.500 0.011 0.088
3 0.528 0.501 0.010 0.066
9 0.271 0.521 0.032 0.055
