3 0.119 0.527 0.014 0.055
3 0.087 0.519 0.010 0.065
3 0.007 0.525 0.012 0.073
11 0.327 0.512 0.034 0.057
3 0.065 0.523 0.012 0.065
2 0.314 0.504 0.029 0.064
3 0.582 0.509 0.015 0.060
3 0.540 0.514 0.014 0.059
3 0.531 0.513 0.021 0.062
3 0.034 0.525 0.016 0.069
4 0.042 0.532 0.011 0.054
3 0.055 0.523 0.010 0.066
3 0.077 0.518 0.012 0.060
3 0.075 0.524 0.010 0.067
3 0.278 0.525 0.018 0.063
12 0.433 0.512 0.039 0.046
11 0.386 0.508 0.038 0.061
9 0.273 0.522 0.037 0.046
11 0.211 0.512 0.052 0.088
6 0.879 0.507 0.024 0.056
5 0.532 0.528 0.037 0.042
2 0.308 0.491 0.028 0.054
8 0.272 0.488 0.038 0.053
9 0.646 0.552 0.149 0.120
3 0.600 0.504 0.008 0.046
3 0.594 0.507 0.011 0.047
12 0.963 0.533 0.073 0.109
