3 0.961 0.523 0.016 0.078
6 0.873 0.571 0.092 0.146
3 0.132 0.525 0.012 0.058
11 0.269 0.512 0.031 0.056
11 0.211 0.512 0.051 0.087
3 0.003 0.527 0.005 0.072
4 0.041 0.533 0.011 0.055
3 0.034 0.525 0.015 0.067
3 0.759 0.512 0.020 0.058
3 0.617 0.513 0.020 0.068
9 0.272 0.522 0.036 0.046
11 0.327 0.512 0.035 0.058
2 0.314 0.505 0.029 0.063
8 0.303 0.494 0.046 0.076
11 0.385 0.508 0.037 0.060
3 0.819 0.505 0.011 0.068
3 0.990 0.517 0.013 0.069
3 0.073 0.524 0.011 0.067
3 0.088 0.520 0.012 0.066
3 0.051 0.530 0.011 0.065
3 0.063 0.522 0.011 0.067
3 0.012 0.525 0.011 0.077
3 0.076 0.519 0.008 0.061
3 0.886 0.545 0.046 0.144
