11 0.211 0.512 0.052 0.088
3 0.008 0.528 0.011 0.071
4 0.041 0.533 0.010 0.055
3 0.036 0.526 0.013 0.068
3 0.064 0.524 0.013 0.069
3 0.528 0.516 0.021 0.063
3 0.445 0.520 0.013 0.070
9 0.273 0.522 0.036 0.046
11 0.269 0.512 0.031 0.055
11 0.327 0.512 0.035 0.058
2 0.314 0.505 0.029 0.063
8 0.303 0.494 0.046 0.076
9 0.433 0.512 0.039 0.046
11 0.385 0.508 0.037 0.060
3 0.683 0.511 0.022 0.052
3 0.618 0.511 0.011 0.066
3 0.858 0.504 0.010 0.067
3 0.990 0.517 0.013 0.069
3 0.075 0.522 0.011 0.069
3 0.089 0.521 0.008 0.069
3 0.085 0.528 0.013 0.064
3 0.326 0.521 0.017 0.061
3 0.053 0.524 0.009 0.064
3 0.066 0.529 0.012 0.065
6 0.476 0.518 0.029 0.046
3 0.014 0.525 0.015 0.078
