3 0.075 0.524 0.010 0.066
3 0.146 0.531 0.018 0.056
3 0.087 0.519 0.010 0.065
3 0.005 0.525 0.009 0.073
11 0.327 0.512 0.037 0.057
3 0.065 0.523 0.012 0.064
2 0.314 0.504 0.029 0.064
3 0.572 0.510 0.013 0.060
3 0.508 0.515 0.013 0.060
3 0.034 0.525 0.016 0.069
4 0.040 0.532 0.011 0.054
3 0.055 0.523 0.010 0.066
3 0.077 0.519 0.012 0.061
3 0.313 0.523 0.011 0.064
11 0.386 0.501 0.038 0.046
9 0.273 0.522 0.037 0.046
11 0.211 0.512 0.052 0.088
2 0.311 0.491 0.028 0.054
8 0.280 0.491 0.038 0.060
9 0.416 0.565 0.188 0.171
3 0.617 0.512 0.011 0.060
3 0.591 0.512 0.010 0.062
12 0.822 0.537 0.157 0.123
3 0.965 0.515 0.011 0.069
3 0.555 0.509 0.014 0.063
3 0.560 0.514 0.012 0.055
