3 0.063 0.522 0.012 0.068
2 0.314 0.504 0.029 0.064
3 0.726 0.504 0.009 0.056
3 0.716 0.512 0.014 0.055
3 0.718 0.502 0.010 0.059
3 0.751 0.511 0.008 0.059
3 0.034 0.525 0.015 0.069
4 0.041 0.532 0.011 0.055
3 0.055 0.523 0.011 0.066
3 0.077 0.518 0.014 0.060
3 0.074 0.524 0.011 0.067
3 0.087 0.519 0.010 0.065
3 0.007 0.526 0.011 0.072
3 0.120 0.528 0.010 0.063
12 0.433 0.512 0.039 0.046
3 0.811 0.504 0.011 0.061
3 0.745 0.509 0.007 0.058
11 0.327 0.512 0.037 0.057
11 0.385 0.508 0.039 0.060
9 0.273 0.522 0.036 0.047
11 0.252 0.504 0.034 0.058
6 0.881 0.507 0.024 0.056
