11 0.211 0.512 0.052 0.088
3 0.019 0.527 0.010 0.072
4 0.041 0.533 0.010 0.055
3 0.036 0.526 0.013 0.068
3 0.064 0.523 0.011 0.066
3 0.476 0.519 0.021 0.063
3 0.415 0.520 0.013 0.070
9 0.273 0.522 0.036 0.046
11 0.269 0.512 0.031 0.055
11 0.327 0.512 0.035 0.058
2 0.314 0.505 0.029 0.063
8 0.303 0.493 0.046 0.074
9 0.435 0.512 0.033 0.046
11 0.385 0.508 0.037 0.060
3 0.662 0.513 0.024 0.052
3 0.590 0.512 0.011 0.066
3 0.833 0.504 0.008 0.063
3 0.990 0.517 0.013 0.069
3 0.072 0.525 0.008 0.069
3 0.088 0.519 0.010 0.065
3 0.101 0.529 0.015 0.063
3 0.359 0.520 0.021 0.061
3 0.053 0.524 0.009 0.064
3 0.079 0.529 0.014 0.064
6 0.384 0.527 0.040 0.048
3 0.389 0.515 0.018 0.054
