9 0.151 0.606 0.244 0.223
12 0.347 0.555 0.109 0.133
9 0.503 0.570 0.095 0.140
8 0.244 0.501 0.223 0.229
8 0.522 0.504 0.077 0.150
8 0.438 0.510 0.056 0.098
2 0.678 0.523 0.039 0.055
9 0.748 0.537 0.057 0.066
3 0.826 0.521 0.016 0.060
6 0.831 0.548 0.028 0.062
3 0.865 0.525 0.021 0.071
3 0.974 0.540 0.023 0.115
3 0.991 0.527 0.018 0.115
3 0.965 0.531 0.017 0.099
3 0.942 0.532 0.022 0.107
3 0.929 0.538 0.022 0.093
3 0.903 0.534 0.023 0.097
3 0.887 0.531 0.018 0.091
3 0.854 0.519 0.019 0.070
3 0.009 0.534 0.017 0.096
3 0.027 0.531 0.016 0.102
11 0.397 0.535 0.044 0.080
6 0.447 0.538 0.019 0.074
3 0.447 0.529 0.018 0.062
