3 0.809 0.520 0.016 0.081
3 0.802 0.518 0.010 0.084
3 0.701 0.567 0.045 0.196
3 0.686 0.566 0.042 0.184
9 0.634 0.551 0.094 0.127
9 0.599 0.543 0.040 0.090
9 0.572 0.540 0.036 0.060
11 0.356 0.555 0.096 0.139
2 0.395 0.530 0.056 0.111
3 0.347 0.573 0.034 0.214
3 0.158 0.653 0.136 0.354
3 0.168 0.603 0.050 0.343
3 0.076 0.594 0.027 0.121
12 0.282 0.556 0.049 0.046
12 0.218 0.552 0.089 0.073
9 0.214 0.561 0.077 0.064
9 0.206 0.562 0.061 0.061
3 0.203 0.587 0.051 0.131
6 0.197 0.600 0.049 0.119
3 0.107 0.605 0.027 0.231
