9 0.620 0.553 0.067 0.126
9 0.599 0.543 0.039 0.090
9 0.571 0.539 0.036 0.059
3 0.808 0.519 0.015 0.084
3 0.802 0.519 0.013 0.083
3 0.884 0.574 0.051 0.190
9 0.827 0.553 0.036 0.174
3 0.766 0.580 0.063 0.331
3 0.724 0.576 0.055 0.215
3 0.684 0.594 0.109 0.421
3 0.668 0.614 0.103 0.341
3 0.432 0.573 0.061 0.190
3 0.141 0.605 0.033 0.206
3 0.117 0.606 0.046 0.217
12 0.282 0.555 0.049 0.046
12 0.209 0.550 0.106 0.069
9 0.197 0.564 0.081 0.071
9 0.214 0.561 0.079 0.065
3 0.204 0.588 0.048 0.129
6 0.201 0.604 0.042 0.114
