3 0.696 0.529 0.017 0.079
3 0.678 0.534 0.015 0.072
3 0.806 0.505 0.012 0.058
3 0.801 0.519 0.011 0.084
3 0.825 0.579 0.043 0.209
3 0.771 0.549 0.031 0.184
3 0.639 0.588 0.074 0.353
3 0.620 0.578 0.054 0.237
3 0.589 0.563 0.041 0.252
3 0.492 0.601 0.101 0.443
3 0.348 0.578 0.043 0.181
11 0.417 0.547 0.045 0.081
3 0.230 0.595 0.031 0.204
3 0.208 0.598 0.046 0.218
12 0.282 0.555 0.049 0.046
12 0.212 0.551 0.102 0.070
9 0.166 0.562 0.056 0.064
9 0.215 0.563 0.078 0.069
9 0.567 0.540 0.030 0.059
2 0.434 0.523 0.034 0.052
