8 0.936 0.480 0.129 0.430
9 0.497 0.577 0.110 0.169
8 0.466 0.505 0.080 0.169
12 0.118 0.564 0.149 0.147
9 0.034 0.571 0.069 0.108
9 0.279 0.566 0.108 0.116
8 0.266 0.510 0.101 0.115
8 0.362 0.515 0.074 0.107
9 0.656 0.539 0.045 0.052
3 0.798 0.539 0.014 0.073
3 0.860 0.536 0.012 0.080
3 0.736 0.533 0.010 0.067
3 0.693 0.532 0.010 0.051
2 0.608 0.527 0.032 0.050
3 0.845 0.536 0.017 0.086
3 0.834 0.528 0.011 0.069
3 0.826 0.528 0.012 0.061
3 0.820 0.532 0.007 0.069
3 0.772 0.536 0.011 0.073
3 0.779 0.533 0.012 0.067
3 0.758 0.534 0.020 0.071
3 0.744 0.525 0.008 0.055
3 0.730 0.534 0.008 0.061
3 0.680 0.533 0.016 0.050
6 0.699 0.543 0.015 0.048
9 0.385 0.546 0.056 0.065
