8 0.274 0.474 0.103 0.210
3 0.619 0.530 0.071 0.228
12 0.126 0.536 0.099 0.145
9 0.293 0.581 0.143 0.231
3 0.923 0.561 0.042 0.257
3 0.969 0.551 0.062 0.297
5 0.962 0.664 0.077 0.256
3 0.955 0.558 0.043 0.299
3 0.824 0.606 0.045 0.296
3 0.784 0.514 0.026 0.176
3 0.760 0.585 0.043 0.247
3 0.800 0.527 0.034 0.210
3 0.869 0.610 0.055 0.360
3 0.889 0.524 0.031 0.206
3 0.718 0.597 0.073 0.282
3 0.548 0.515 0.019 0.148
3 0.536 0.525 0.030 0.155
3 0.422 0.513 0.019 0.079
3 0.438 0.518 0.016 0.057
3 0.361 0.506 0.023 0.079
6 0.369 0.552 0.032 0.116
9 0.020 0.553 0.040 0.140
9 0.055 0.539 0.060 0.104
