9 0.635 0.553 0.096 0.129
9 0.599 0.543 0.040 0.090
9 0.571 0.540 0.035 0.058
3 0.693 0.531 0.019 0.078
3 0.712 0.526 0.017 0.082
3 0.931 0.563 0.040 0.176
3 0.862 0.547 0.029 0.181
3 0.887 0.576 0.059 0.315
3 0.836 0.585 0.091 0.392
3 0.815 0.603 0.090 0.323
3 0.789 0.575 0.037 0.203
3 0.776 0.557 0.054 0.223
3 0.524 0.571 0.054 0.200
12 0.282 0.555 0.049 0.047
12 0.209 0.552 0.107 0.075
9 0.188 0.562 0.099 0.069
9 0.212 0.560 0.081 0.065
3 0.206 0.585 0.045 0.134
6 0.204 0.604 0.042 0.108
3 0.061 0.619 0.032 0.204
3 0.038 0.622 0.038 0.212
