9 0.167 0.567 0.136 0.171
6 0.494 0.553 0.029 0.071
3 0.494 0.529 0.021 0.069
9 0.058 0.607 0.116 0.224
12 0.947 0.628 0.105 0.227
11 0.777 0.515 0.216 0.194
12 0.263 0.550 0.088 0.123
12 0.307 0.535 0.073 0.117
11 0.379 0.515 0.037 0.089
3 0.400 0.539 0.016 0.082
3 0.367 0.543 0.023 0.083
12 0.627 0.519 0.085 0.069
12 0.892 0.565 0.215 0.194
12 0.807 0.547 0.187 0.136
3 0.238 0.552 0.028 0.138
11 0.416 0.522 0.030 0.054
12 0.365 0.531 0.043 0.067
3 0.128 0.482 0.022 0.057
11 0.690 0.515 0.078 0.155
9 0.805 0.579 0.142 0.156
9 0.921 0.590 0.159 0.186
