12 0.164 0.565 0.135 0.156
11 0.247 0.526 0.107 0.178
2 0.576 0.520 0.065 0.054
9 0.605 0.541 0.053 0.056
6 0.477 0.553 0.024 0.064
3 0.477 0.536 0.018 0.065
9 0.386 0.539 0.031 0.054
12 0.720 0.534 0.169 0.137
11 0.595 0.525 0.055 0.064
11 0.334 0.537 0.066 0.088
3 0.404 0.533 0.011 0.062
12 0.822 0.557 0.241 0.159
9 0.826 0.578 0.191 0.160
12 0.910 0.593 0.181 0.269
3 0.144 0.615 0.059 0.311
9 0.861 0.589 0.175 0.191
9 0.634 0.546 0.067 0.069
9 0.957 0.680 0.085 0.196
9 0.752 0.545 0.155 0.155
11 0.365 0.534 0.031 0.077
9 0.652 0.546 0.057 0.071
12 0.667 0.541 0.071 0.083
