3 0.991 0.506 0.018 0.130
3 0.960 0.530 0.017 0.181
3 0.852 0.564 0.054 0.206
3 0.924 0.553 0.023 0.153
3 0.838 0.531 0.028 0.196
3 0.813 0.541 0.031 0.169
3 0.789 0.532 0.027 0.163
3 0.772 0.536 0.023 0.127
3 0.734 0.521 0.010 0.076
3 0.685 0.529 0.023 0.059
3 0.711 0.527 0.011 0.073
11 0.670 0.532 0.038 0.071
9 0.513 0.550 0.062 0.088
2 0.465 0.528 0.034 0.059
9 0.405 0.550 0.064 0.090
9 0.297 0.548 0.061 0.063
9 0.345 0.540 0.039 0.049
9 0.248 0.551 0.047 0.050
12 0.185 0.550 0.081 0.090
9 0.122 0.566 0.062 0.069
3 0.009 0.568 0.011 0.061
3 0.003 0.567 0.005 0.058
