9 0.660 0.559 0.101 0.118
9 0.704 0.545 0.029 0.071
6 0.566 0.540 0.016 0.049
3 0.567 0.528 0.015 0.053
8 0.619 0.510 0.037 0.066
3 0.960 0.537 0.016 0.100
3 0.973 0.529 0.017 0.085
3 0.992 0.535 0.010 0.102
3 0.922 0.544 0.015 0.090
3 0.915 0.538 0.012 0.092
3 0.894 0.544 0.016 0.083
3 0.887 0.530 0.011 0.069
3 0.877 0.532 0.015 0.071
9 0.281 0.549 0.054 0.074
8 0.395 0.522 0.032 0.048
3 0.253 0.533 0.009 0.048
3 0.244 0.532 0.010 0.046
3 0.235 0.531 0.010 0.055
3 0.215 0.536 0.013 0.055
3 0.004 0.548 0.007 0.086
3 0.036 0.564 0.015 0.098
3 0.062 0.567 0.016 0.085
3 0.061 0.549 0.013 0.076
3 0.057 0.546 0.015 0.083
3 0.084 0.538 0.014 0.066
6 0.104 0.556 0.049 0.063
6 0.119 0.569 0.024 0.060
