9 0.373 0.540 0.047 0.063
12 0.348 0.534 0.026 0.047
12 0.401 0.530 0.026 0.060
3 0.510 0.586 0.093 0.315
3 0.033 0.617 0.066 0.262
3 0.772 0.579 0.057 0.246
3 0.614 0.555 0.030 0.167
3 0.963 0.521 0.025 0.089
3 0.200 0.585 0.068 0.211
3 0.387 0.565 0.047 0.153
3 0.645 0.576 0.047 0.195
3 0.709 0.560 0.039 0.157
3 0.801 0.545 0.029 0.167
3 0.223 0.569 0.041 0.156
3 0.283 0.575 0.056 0.204
3 0.048 0.558 0.014 0.072
3 0.555 0.578 0.049 0.179
3 0.310 0.568 0.039 0.196
3 0.477 0.544 0.018 0.143
3 0.629 0.557 0.013 0.144
3 0.291 0.503 0.019 0.054
3 0.220 0.569 0.020 0.144
