9 0.354 0.564 0.059 0.088
12 0.280 0.569 0.031 0.053
12 0.522 0.560 0.097 0.170
12 0.312 0.561 0.051 0.073
12 0.212 0.575 0.036 0.079
9 0.021 0.590 0.041 0.064
11 0.812 0.526 0.225 0.168
11 0.441 0.543 0.054 0.101
11 0.967 0.505 0.065 0.188
10 0.134 0.589 0.131 0.152
2 0.385 0.533 0.052 0.101
2 0.474 0.520 0.059 0.110
3 0.679 0.532 0.019 0.097
3 0.644 0.528 0.011 0.059
3 0.619 0.529 0.010 0.059
3 0.813 0.535 0.022 0.120
3 0.017 0.588 0.013 0.068
3 0.247 0.567 0.008 0.046
6 0.384 0.562 0.018 0.053
3 0.382 0.543 0.017 0.050
