3 0.460 0.560 0.008 0.056
12 0.973 0.505 0.054 0.112
11 0.975 0.447 0.049 0.090
9 0.924 0.508 0.067 0.088
12 0.396 0.561 0.102 0.089
9 0.274 0.567 0.045 0.061
9 0.227 0.572 0.044 0.050
11 0.248 0.559 0.026 0.052
9 0.120 0.581 0.048 0.050
9 0.053 0.589 0.055 0.054
3 0.504 0.555 0.007 0.058
3 0.478 0.563 0.010 0.049
3 0.522 0.553 0.009 0.068
6 0.189 0.579 0.017 0.052
9 0.170 0.576 0.040 0.049
9 0.227 0.572 0.043 0.050
9 0.626 0.547 0.146 0.092
6 0.619 0.553 0.062 0.104
3 0.621 0.537 0.019 0.097
3 0.191 0.573 0.017 0.060
