3 0.003 0.544 0.006 0.081
3 0.031 0.563 0.014 0.098
3 0.058 0.566 0.016 0.085
3 0.061 0.556 0.017 0.092
3 0.052 0.545 0.013 0.083
3 0.072 0.539 0.014 0.069
6 0.099 0.555 0.046 0.062
3 0.213 0.536 0.013 0.056
3 0.234 0.532 0.008 0.054
3 0.245 0.533 0.011 0.050
3 0.253 0.534 0.008 0.047
9 0.277 0.550 0.055 0.074
8 0.395 0.522 0.027 0.048
3 0.965 0.548 0.015 0.092
3 0.924 0.548 0.019 0.094
3 0.938 0.530 0.011 0.074
3 0.901 0.547 0.017 0.082
3 0.881 0.533 0.012 0.071
3 0.869 0.536 0.014 0.069
9 0.605 0.544 0.059 0.072
9 0.654 0.541 0.043 0.054
8 0.614 0.506 0.032 0.049
6 0.115 0.569 0.025 0.061
3 0.930 0.528 0.009 0.070
