3 0.044 0.562 0.014 0.094
3 0.062 0.565 0.016 0.085
9 0.212 0.571 0.122 0.121
8 0.264 0.516 0.089 0.108
3 0.310 0.549 0.037 0.138
6 0.311 0.590 0.058 0.121
12 0.628 0.540 0.078 0.114
12 0.576 0.532 0.040 0.063
3 0.917 0.541 0.011 0.090
3 0.957 0.536 0.017 0.103
3 0.823 0.531 0.019 0.062
3 0.786 0.524 0.014 0.048
3 0.810 0.528 0.007 0.048
3 0.816 0.529 0.009 0.060
9 0.672 0.540 0.026 0.063
9 0.383 0.543 0.045 0.053
12 0.457 0.530 0.033 0.052
6 0.095 0.550 0.027 0.068
6 0.121 0.570 0.022 0.058
3 0.051 0.525 0.008 0.060
3 0.059 0.546 0.008 0.082
3 0.068 0.556 0.011 0.087
3 0.003 0.542 0.006 0.077
