9 0.085 0.593 0.082 0.127
9 0.585 0.556 0.031 0.052
12 0.276 0.566 0.107 0.136
12 0.029 0.594 0.058 0.208
12 0.545 0.555 0.059 0.095
8 0.371 0.532 0.043 0.092
3 0.903 0.559 0.021 0.106
3 0.640 0.556 0.029 0.098
3 0.713 0.557 0.015 0.093
3 0.166 0.571 0.016 0.084
3 0.726 0.559 0.014 0.076
3 0.824 0.556 0.023 0.101
3 0.171 0.557 0.013 0.071
5 0.876 0.603 0.037 0.103
5 0.946 0.569 0.038 0.076
5 0.830 0.591 0.035 0.073
6 0.640 0.582 0.031 0.090
12 0.398 0.549 0.046 0.067
9 0.437 0.548 0.031 0.046
8 0.405 0.532 0.032 0.059
8 0.432 0.533 0.026 0.056
9 0.511 0.553 0.026 0.055
