3 0.044 0.561 0.020 0.047
7 0.039 0.581 0.037 0.057
5 0.060 0.588 0.041 0.055
5 0.124 0.588 0.020 0.055
3 0.095 0.555 0.013 0.056
11 0.254 0.581 0.212 0.275
8 0.362 0.492 0.054 0.053
9 0.377 0.575 0.058 0.123
11 0.413 0.547 0.059 0.118
10 0.524 0.531 0.029 0.052
8 0.600 0.510 0.086 0.144
6 0.585 0.606 0.057 0.154
3 0.584 0.559 0.051 0.144
3 0.646 0.531 0.006 0.057
3 0.676 0.527 0.008 0.052
3 0.683 0.523 0.008 0.051
3 0.709 0.521 0.006 0.048
3 0.714 0.519 0.008 0.052
8 0.881 0.483 0.238 0.560
3 0.668 0.527 0.007 0.053
